ID_REF	GSM873276	GSM873277	GSM873278	GSM873279	GSM873280	GSM873281	GSM873282	GSM873283	GSM873284	GSM873285	GSM873286	GSM873287	GSM873288	GSM873289	GSM873290	GSM873291	GSM873292	GSM873293	GSM873294	GSM873295	GSM873296	GSM873297	GSM873298	GSM873299	GSM873300	GSM873301	GSM873302	GSM873303	GSM873304	GSM873305	GSM873306	GSM873307	GSM873308	GSM873309	GSM873310	GSM873311	GSM873312	GSM873313	GSM873314	GSM873315	GSM873316	GSM873317	GSM873318	GSM873319	GSM873320	GSM873321	GSM873322	GSM873323	GSM873324	GSM873325	GSM873326	GSM873327	GSM873328	GSM873329	GSM873330	GSM873331	GSM873332	GSM873333	GSM873334	GSM873335	GSM873336	GSM873337	GSM873338
ILMN_1343291	15.4995	15.454	15.604	15.2042	15.3676	15.604	15.0732	15.604	15.604	15.604	15.604	15.604	15.604	15.604	15.604	15.3217	15.604	15.604	15.3217	15.2448	15.4208	15.454	15.2658	15.5351	15.454	15.2448	15.4208	15.3676	15.2658	15.3412	15.2237	15.454	15.3412	14.8468	14.5664	15.5351	15.6953	15.6953	15.6953	15.6311	15.5925	15.6953	15.6953	15.6953	15.6311	15.4432	15.4432	15.4205	15.483	15.4432	15.3376	14.9714	14.9565	6.37031	15.3592	15.4205	15.2169	14.1718	14.3646	14.4333	14.9145	14.9432	14.9145
ILMN_1343295	13.5282	13.8069	13.5797	13.561	13.4277	13.4693	13.3186	13.2219	13.2254	13.0866	13.1324	13.0366	12.9737	12.7885	13.3673	13.4189	12.9086	13.4564	12.9796	13.0476	12.938	13.536	13.0024	13.1097	12.9259	12.7268	13.0366	13.4277	13.1227	13.1795	13.4524	13.4795	13.6528	13.5482	14.0758	13.7023	12.3908	12.6877	12.3167	11.7512	11.6971	11.5603	12.929	12.8464	12.87	13.8838	13.9448	14.0055	13.9537	13.9311	13.9604	13.5324	13.3896	13.9671	13.4873	13.343	13.4424	13.2152	13.1666	13.2378	13.2152	13.1863	13.1376
ILMN_1651199	6.7394	6.99508	6.89129	6.95504	6.73014	6.81511	6.88771	6.68752	6.98146	6.89349	6.7152	6.85216	7.07067	6.86278	6.86353	6.8874	6.7918	6.90941	6.92164	6.83363	6.89772	6.96449	6.85055	6.8544	6.93824	6.78938	6.84348	7.09164	6.85278	6.7478	6.82175	6.95389	7.0996	6.8638	6.85294	6.95208	6.47701	6.52842	6.56559	6.51938	6.58076	6.57382	6.62506	6.47861	6.53107	6.38528	6.36266	6.76764	6.82817	6.38798	6.37687	6.34266	6.38643	6.37031	6.32775	6.80325	6.37681	6.36625	6.40507	6.88085	6.77697	6.3689	6.39494
ILMN_1651209	7.04935	7.03753	7.04918	6.81545	6.94685	6.86741	6.89826	7.19418	6.80511	6.87145	7.08239	7.03274	7.08555	7.03697	6.90201	6.85593	6.89789	7.21994	6.82201	6.79455	6.9421	6.9902	6.7273	7.00578	7.10785	6.87997	6.74864	6.8191	6.84668	6.97136	6.92315	7.1924	7.00679	7.03632	7.10975	7.02113	6.56033	6.51615	6.73027	6.51427	6.32733	6.50941	6.7459	6.4281	6.41718	6.97319	7.17	6.9558	7.01193	7.00132	6.95395	6.83412	6.81528	6.37031	6.8619	6.80787	6.8005	6.77113	6.32694	7.02341	6.41521	6.77262	6.3928
ILMN_1651210	6.9067	7.03783	6.81391	6.69485	6.78991	6.9141	6.7454	7.00521	6.88072	6.8534	6.89009	6.84334	6.81454	6.87798	6.98851	6.79984	6.88728	6.81339	6.81547	6.75214	6.82755	6.88849	6.86098	6.91921	6.87212	6.99844	6.87053	7.06528	6.92907	6.89205	6.80915	6.72855	6.86259	6.85632	6.80393	6.83405	6.43465	6.51726	6.67587	6.43306	6.52805	6.47747	6.56745	6.48019	6.55863	6.8116	6.76635	6.38072	6.83347	6.41283	6.77217	6.39021	6.77397	6.37031	6.3052	6.39198	6.77762	6.40021	6.40257	6.24222	6.27707	6.38634	6.36478
ILMN_1651221	7.05167	6.83126	6.84126	7.1835	7.04858	6.97396	6.87174	6.95456	6.78014	6.96264	6.8926	6.75399	6.94825	6.78033	6.898	7.12243	6.90291	7.01541	6.91463	6.98694	6.94955	6.95704	6.82054	7.02645	6.96475	6.77196	6.92747	6.99888	7.07137	6.86714	6.97142	7.02886	6.68586	6.88585	6.97001	6.70835	6.47617	6.66084	6.6935	6.53598	6.54231	6.43275	6.52705	6.4563	6.57121	6.82959	6.86604	6.86202	6.78832	6.89407	6.42239	6.95344	6.39657	6.80224	6.7917	6.31348	6.36993	6.38642	6.42045	6.79122	6.38308	6.79589	6.9882
ILMN_1651228	12.793	11.7256	11.9078	12.9259	12.8465	13.3078	12.9907	10.6354	13.3834	12.6209	12.8901	12.9022	11.5246	12.8806	13.2512	11.3209	11.9542	10.7351	11.9873	12.9528	12.8465	11.449	12.3471	11.1935	12.5294	12.7817	12.8142	12.0962	12.1998	12.801	12.3613	10.9094	12.8167	12.7268	13.2432	11.9962	10.6744	12.4379	12.4407	12.5996	12.3345	12.4688	12.1076	13.0034	12.6324	12.2884	12.0787	12.0317	12.0883	12.196	12.1021	12.831	12.7529	6.37031	12.903	13.2514	12.7792	12.9677	12.7529	12.7865	13.0821	12.8534	13.0533
ILMN_1651229	7.66152	7.93697	7.44986	7.74553	7.74466	7.81009	7.7333	7.41274	7.50642	7.93877	7.66521	7.46543	7.65859	7.68994	7.861	7.66521	7.86431	8.00342	7.92508	7.84832	7.82051	8.1568	7.59504	7.91277	7.87794	7.96598	7.92681	8.36322	7.9997	7.96087	8.52999	8.16812	8.42443	7.96209	8.40672	7.87205	7.88918	8.3259	8.18637	7.93958	7.71383	7.59778	7.6168	7.56991	8.0037	8.36591	8.46067	8.66778	8.30696	8.48122	8.5527	9.07828	9.17112	9.96217	8.80367	8.54234	8.62942	9.56381	9.42875	9.53431	9.29412	9.29993	9.37921
ILMN_1651230	6.85606	6.79321	6.89122	6.95359	6.87837	6.98899	6.72047	7.03807	6.72173	6.88744	7.08326	7.03003	6.85714	6.93699	6.80132	6.93787	6.89578	6.93951	6.94343	6.77269	6.78456	6.95962	6.98803	6.9122	6.94057	6.80237	7.06272	6.91557	6.85894	6.83668	6.96067	7.05219	6.83175	6.87172	6.82481	6.81645	6.6121	6.36676	6.54308	6.40942	6.68258	6.44256	6.48969	6.5881	6.2961	6.92121	6.35113	6.78743	6.36262	6.35466	6.41417	6.85265	6.80274	6.37031	6.76719	6.82468	6.37009	6.30174	6.4077	6.39222	6.41537	6.81615	6.78274
ILMN_1651232	7.08134	7.02747	7.17217	6.97488	7.16225	7.1635	7.22312	7.18674	7.13234	7.19556	7.33331	7.23027	7.60158	7.68827	7.18219	7.31567	7.31986	7.57427	7.06722	7.11886	7.19841	7.09101	7.06343	7.14582	7.13435	7.04013	7.12341	7.05483	7.24816	7.04345	7.06195	6.9403	7.26945	7.08049	6.95088	7.09032	6.82562	6.62741	6.59002	6.76367	6.70922	6.84921	6.8696	6.55733	7.16988	6.97019	6.98954	6.97141	6.96778	6.89347	6.84446	6.8741	6.95334	6.80483	6.85835	6.95344	6.40106	6.79013	7.13834	6.8982	7.04057	6.97604	6.84563
ILMN_1651235	7.03928	6.89229	6.8807	7.03923	6.82137	6.92741	6.8727	6.88398	6.86847	7.04228	6.89812	7.00639	6.8595	6.87416	6.94801	6.80647	6.93475	6.97016	6.97671	6.87799	6.91449	6.92922	6.8545	6.99933	6.89149	6.98011	6.94864	7.10481	7.01425	6.88089	6.96931	6.99612	6.90603	6.80756	6.9451	6.95369	6.47423	6.61857	6.51892	6.46615	6.35141	6.4618	6.45246	6.72669	6.73228	6.85108	6.83819	6.86412	6.92978	6.78824	6.40766	6.42777	6.40943	6.95083	6.42424	6.84229	6.3303	6.83624	6.8263	6.39038	6.85498	6.85366	6.76208
ILMN_1651236	6.983	7.01824	6.9631	7.02722	7.01062	7.0296	6.82452	7.02349	7.09498	6.96852	7.03876	7.06579	6.9362	6.96062	6.91021	6.97566	6.90354	6.87922	6.99568	6.96061	7.0244	6.99676	7.12328	6.89929	7.08845	6.90965	6.94276	7.02576	6.95852	6.94529	7.03485	7.02256	6.93438	6.8961	6.85738	7.0332	6.75982	6.47028	6.57602	6.60747	6.51036	6.51681	6.47281	6.6657	6.55628	6.77766	6.84777	7.00545	7.05391	6.85545	6.86077	6.76918	6.84166	6.97606	6.86282	6.89269	6.40343	6.77307	6.79183	6.8447	6.8461	6.83709	6.84803
ILMN_1651237	10.5762	10.7375	10.736	10.5251	10.4207	10.5989	9.73389	10.0251	9.86422	9.40222	9.19236	9.61037	9.08665	8.80833	8.65509	8.67508	8.01448	8.34552	8.24196	8.38252	8.31518	7.66152	8.16464	8.49482	7.75929	8.25667	7.94201	7.85095	8.36797	8.17061	7.42064	7.70029	7.19666	7.65235	6.96628	7.48968	6.84549	7.02913	7.145	8.71961	8.80169	8.70145	6.93502	7.17864	7.20367	8.36813	8.43073	8.57955	8.3885	8.56258	8.13445	6.42845	6.96511	6.95912	6.9378	6.28648	6.77454	6.88093	6.42805	6.90416	6.83209	6.81351	6.38794
ILMN_1651238	6.94627	6.863	6.88077	6.86857	7.09923	7.01433	6.78089	6.86089	6.91158	6.76296	6.80719	6.96857	6.9651	6.75762	7.03964	7.06095	7.0459	6.94594	6.86916	6.8248	6.959	6.99035	6.87598	7.0776	6.83242	6.91528	6.86076	7.13169	6.79242	6.99027	6.83232	7.1199	6.82929	6.86323	6.75829	6.95834	6.60485	6.39035	6.37562	6.72401	6.83418	6.67901	6.54628	6.40553	6.61569	6.87579	6.91531	6.93859	6.96352	6.86764	6.83195	6.78242	6.31668	6.79808	6.26836	6.33138	6.26522	6.28038	6.79545	6.38953	6.24152	6.32425	6.83452
ILMN_1651249	6.96252	6.8602	6.75049	6.79332	6.93956	6.83387	6.8888	6.99076	6.88187	6.87911	6.81261	6.80464	6.79254	6.88535	6.75445	6.87313	6.97514	6.9199	6.98534	6.96834	6.78852	6.96904	6.89654	6.94873	7.00778	7.00868	6.95852	6.81241	6.98327	6.95707	6.99796	6.86121	7.03075	7.12687	7.04156	6.9725	6.49276	6.47498	6.39166	6.55767	6.31853	6.56309	6.48506	6.5472	6.29862	6.7847	6.32792	6.22157	6.30614	6.29061	6.3932	6.35621	6.3093	6.91143	6.37681	6.31314	6.78844	6.31346	6.86947	6.33436	6.29724	6.33241	6.42345
ILMN_1651253	7.68311	7.67937	8.02869	7.90018	7.78128	8.06949	7.27797	6.85608	7.22547	7.05699	6.91704	6.99429	7.04396	7.0463	7.2081	6.70434	6.93866	6.72749	6.74271	6.99068	6.6567	6.84185	6.94886	6.98919	6.94	6.79198	6.97472	7.142	7.06704	7.03067	7.01734	6.98569	7.05965	7.14244	7.25733	6.83617	6.49745	6.63399	6.44322	6.24082	6.37551	6.62048	6.36149	6.41192	6.51923	6.94087	6.92822	6.7691	6.98216	6.85083	6.76862	7.2859	7.54402	8.01115	7.10617	7.07428	7.32237	7.20705	7.44361	7.57033	7.33438	7.40952	7.20835
ILMN_1651254	10.5163	10.6401	10.905	10.5369	11.0597	10.9896	10.57	10.946	10.3934	11.4708	11.4567	11.346	11.0129	11.2598	11.4545	11.6767	11.6458	11.3681	11.8168	11.2662	11.4195	11.4655	11.8236	11.5606	11.0944	11.1417	11.4793	11.1884	11.1785	11.312	11.0646	11.2417	11.3229	10.6346	11.0802	12.0663	10.776	10.6121	11.0154	8.25687	8.83889	8.6514	10.7203	10.7344	10.5669	10.6172	10.3656	10.3056	10.3237	10.4236	10.4496	11.0358	11.2734	11.9592	11.0704	10.9989	11.1154	9.08571	8.91919	9.06823	9.29461	9.4262	9.53374
ILMN_1651259	7.0563	7.17566	7.08056	7.1913	7.35002	6.98494	7.09172	6.72289	7.09634	7.06535	7.07587	7.20002	7.03387	7.0515	7.0003	7.02385	7.12224	7.10951	7.12323	7.32196	7.51845	7.22346	7.16781	7.12915	6.91191	7.26045	7.17749	7.3405	7.28991	7.3917	7.03743	7.12547	7.15338	7.48471	7.3908	7.38209	6.53344	6.31905	6.39369	6.35799	6.3669	6.3964	6.55768	6.24799	6.41531	6.93371	6.8728	6.93865	6.85645	6.38656	6.96065	6.85399	7.03656	6.98009	7.05521	6.87294	6.9065	6.41679	6.84187	6.87328	6.3517	6.39887	6.92002
ILMN_1651260	6.83174	6.87209	6.90419	6.91267	6.64353	6.90755	6.68922	6.80238	6.86008	6.87073	6.90616	6.96496	6.76267	6.71662	6.88185	6.76432	6.8405	7.1894	6.67308	6.69449	7.01798	6.73396	6.79138	6.82714	6.86758	6.64874	6.76176	6.769	6.86792	6.79752	6.91707	6.85914	6.6774	6.81281	6.821	6.9184	6.5117	6.52424	6.73153	6.34005	6.50954	6.41051	6.55076	6.5338	6.57338	6.35728	6.27076	6.82025	6.27469	6.4054	6.38198	6.25102	6.29288	6.81061	6.36598	6.3201	6.23275	6.3387	6.4264	6.28451	6.85344	6.29848	6.78096
ILMN_1651262	13.8933	13.7413	14.1315	13.7806	13.6739	13.6128	13.7644	14.3734	13.6581	13.4409	13.3587	13.1547	13.0741	12.9687	13.0866	12.9907	12.5402	13.3587	12.5463	12.5483	12.4923	12.8167	12.6682	13.0075	12.6624	12.3126	12.3143	12.3968	12.2895	12.3451	12.4528	12.9313	12.2366	12.1285	12.2254	12.5011	12.7274	13.1979	13.0131	13.8259	14.021	13.8824	13.2245	13.0825	13.1211	12.5656	12.6593	12.646	12.6794	12.5894	12.7898	11.4602	11.4068	6.37031	11.2451	11.2603	11.434	12.131	12.0445	12.0531	12.0022	11.825	11.9822
ILMN_1651268	7.47717	7.19335	7.11147	7.4022	7.27597	7.15341	7.26809	7.00963	7.46245	7.26696	7.15472	7.25823	7.02233	7.24566	7.11182	7.23527	7.26881	7.03293	7.3958	7.27561	7.21122	7.25423	7.41421	7.03377	7.37752	7.38193	7.21282	7.26874	7.46419	7.3203	7.2952	7.04187	7.27634	7.44081	7.56472	7.33249	6.85877	6.60488	6.58795	6.61986	6.77901	6.44254	6.84296	6.51693	6.59094	6.90449	6.41549	6.85865	6.8504	6.91824	6.87683	6.95729	6.98811	7.27058	6.41011	7.0213	6.89341	6.92238	7.01063	6.96292	6.84892	6.42607	6.92346
ILMN_1651278	8.90018	9.11402	8.58326	8.87224	8.88033	8.77186	8.71233	8.88928	9.46801	8.63314	8.73428	9.51295	8.17352	8.52638	8.53132	8.69856	8.42505	8.27077	8.28232	8.32587	8.23457	8.22726	8.37009	7.9551	8.4217	8.1954	8.24271	8.18703	8.61745	8.44479	8.14522	7.89514	7.99289	8.58121	8.30535	8.42944	7.92968	7.45975	7.47425	8.05134	7.90475	7.83626	7.40224	7.04961	7.27806	7.50379	7.5792	7.42106	7.53018	7.45481	7.36616	7.36675	7.35069	8.10122	7.1633	7.23218	6.99091	7.24224	7.64493	7.41298	7.34105	7.30569	7.58929
ILMN_1651279	7.1225	7.33837	7.05887	7.14952	7.20657	7.07614	6.93182	7.0662	7.06317	7.12269	7.10645	7.08816	6.99976	7.09068	7.17782	6.9205	6.94776	6.86029	7.11431	7.33185	7.15202	7.18896	7.17065	7.05292	6.96947	7.19223	7.14122	7.23219	7.05066	7.27014	7.05601	7.04922	7.06874	7.31115	7.08301	7.1699	6.62399	6.57058	6.49112	6.77973	6.75266	6.70494	6.65256	6.63648	6.66751	6.78419	6.95717	7.07277	6.93135	6.92622	6.98797	7.0161	7.0134	6.37031	6.96656	6.77724	7.08757	7.08769	6.83066	6.90434	6.84494	6.8367	6.84452
ILMN_1651281	6.55007	6.74864	6.77098	6.74246	6.77424	6.62194	6.7238	6.85074	6.65712	6.65902	6.57868	6.83083	6.79793	6.90209	6.75642	6.77989	6.72892	6.85493	6.66633	6.73087	6.86668	6.72888	6.81856	6.87115	6.84283	6.61794	6.80426	6.57	6.80797	6.86997	6.84583	6.75724	6.78676	6.78481	6.63992	6.9422	6.33303	6.56504	6.46999	6.33325	6.32883	6.41623	6.40438	6.49741	6.57717	6.31014	6.36521	6.3819	6.28434	6.40984	6.3197	6.25627	6.38957	6.37031	6.81634	6.2949	6.81206	6.28057	6.79843	6.27996	6.79167	6.34915	6.28546
ILMN_1651282	7.12999	6.98039	6.86656	7.36845	7.29557	7.3957	7.18872	7.19167	7.2279	7.16069	7.26499	7.38193	7.01549	7.21579	7.2548	7.39211	7.10606	6.85865	6.88767	7.16863	7.04246	7.08577	7.22196	7.12208	8.04596	7.31241	7.31894	7.33691	7.03174	7.33177	7.22454	7.13038	7.30189	7.45644	7.21372	7.59702	6.58281	6.60477	6.6631	6.33402	6.51069	6.57379	6.53117	6.53052	6.48672	6.93132	6.40026	6.23588	6.41476	6.42063	6.89488	6.85165	7.15662	7.19554	7.00328	7.03271	7.02333	6.26209	6.41835	6.87086	6.89833	6.4208	6.40552
ILMN_1651285	7.52508	7.62279	7.23827	7.27884	7.3929	7.28692	7.19198	6.92331	7.1588	7.06692	7.15042	7.25914	7.01233	7.13516	7.05052	7.05199	6.99701	7.06744	7.01738	6.91822	7.17282	7.14077	6.93022	6.75106	6.79996	7.0952	7.01285	7.20272	6.98752	7.08732	7.07481	7.19661	7.20736	7.03836	7.09736	7.10605	6.41771	6.55236	6.67318	7.06645	6.66999	6.82008	6.43348	6.68666	6.44358																		
ILMN_1651286	7.10381	7.04752	7.1548	7.12508	7.05092	6.93102	7.20914	7.11185	6.94591	7.04528	7.03266	6.93602	6.94275	6.98191	7.00168	6.87936	6.93269	6.95666	6.93787	6.91006	6.98619	6.90801	6.96712	7.21548	6.9798	6.93746	7.15585	6.97096	6.99256	6.93849	6.91405	6.91878	7.00196	6.95875	7.07814	7.03807	6.62311	6.59831	6.56191	6.85252	6.33584	6.49585	6.42702	6.64933	6.45839	6.85403	6.77335	6.27746	6.86124	6.82261	6.35151	6.37022	6.40829	6.37031	6.80242	7.00064	6.82857	6.36514	6.37219	6.38585	6.3667	6.37466	6.81808
ILMN_1651288	6.86468	7.19281	7.02631	6.79948	7.12734	6.94076	7.00913	6.99721	7.04024	7.01768	7.09714	6.94202	6.94581	6.98997	6.99025	6.92055	6.99559	7.06894	7.08708	6.95552	6.90474	6.99503	6.94723	6.92182	6.94202	7.04702	7.00205	6.7877	7.01122	6.88738	6.97199	7.08428	6.99914	7.06642	6.99663	6.97978	6.66968	6.82156	6.62822	6.52963	6.51748	6.47882	6.66758	6.65267	6.40401	6.87555	6.96428	6.95997	6.79413	6.95344	6.80363	6.85144	6.90013	6.92125	7.00099	6.90119	6.89599	6.86333	6.90057	6.92918	6.93926	6.42105	6.84772
ILMN_1651292	6.76418	7.00095	6.69396	6.98789	6.96137	7.06161	6.86778	6.87573	6.90329	6.98276	6.69616	6.81992	6.82625	6.95658	6.96556	6.96646	7.10329	6.88369	6.91422	6.83465	6.82185	6.86442	6.94585	6.95338	6.91125	6.97623	6.80027	6.88484	6.87465	7.00529	6.86447	6.87404	6.93169	6.83252	6.94714	6.94071	6.21022	6.51189	6.39075	6.34669	6.56074	6.64425	6.41358	6.36013	6.53236	6.41439	6.40726	6.31216	6.85101	6.40755	6.41983	6.75607	6.30855	6.37031	6.23769	6.78919	6.81512	6.82623	6.30388	6.94708	6.28722	6.09467	6.32083
ILMN_1651296	7.8341	7.89435	7.8385	8.08787	7.83902	8.16447	7.97092	7.65901	7.64978	7.66571	7.57789	7.70382	7.84563	7.68091	7.91345	7.68722	7.70446	7.79423	7.50229	7.57827	7.38916	7.3072	7.34179	7.34027	7.37171	7.47449	7.21063	7.30981	7.45868	7.42315	7.48312	7.24236	7.29024	7.13781	7.70571	7.3296	6.74989	6.86262	6.80136	7.8924	7.98534	7.8684	7.00485	6.76796	6.81802	7.24763	7.33214	7.35466	7.47489	7.29074	7.34552	6.93545	6.97452	6.78304	7.03351	7.08131	7.01606	7.4178	7.36817	7.10729	7.1201	7.04098	7.09052
